
[Spectrum,depth_ramp,terrain_ramp,blue_ramp,blues_2,pallete,Depth_RAS,Terrain_RAS,Velocity_RAS,WSE_RAS] = coloramps();


data_48h = [0.005208333	0	15	0	0.106966951	1.711303973
0.010416667	0	30	0	4.009895112	1.723448321
0.015625	0	45	0	3.774899284	1.735809785
0.020833333	0	60	0	3.560697946	1.748394636
0.026041667	0	75	0	3.366246057	1.761209401
0.03125	0	90	0	3.190528078	1.774260868
0.036458333	9.42157E-05	105	0.093313804	3.032557619	1.787556106
0.041666667	0.000422755	120	0.418707504	2.891377072	1.801102478
0.046875	0.000708263	135	0.701482465	2.766057256	1.814907653
0.052083333	0.000954248	150	0.945113198	2.655697055	1.828979629
0.057291667	0.00116405	165	1.152906817	2.559423059	1.843326745
0.0625	0.001340843	180	1.328007567	2.476389201	1.857957706
0.067708333	0.001487643	195	1.473401301	2.405776402	1.872881597
0.072916667	0.001607307	210	1.591919904	2.346792207	1.888107908
0.078125	0.001702544	225	1.686245662	2.298670426	1.903646558
0.083333333	0.001775916	240	1.758915572	2.260670775	1.919507918
0.088541667	0.001829843	255	1.81232561	2.232078516	1.935702838
0.09375	0.001866604	270	1.848734934	2.212204094	1.952242676
0.098958333	0.001888347	285	1.870270037	2.200382783	1.96913933
0.104166667	0.00189709	300	1.878928849	2.19597432	1.986405267
0.109375	0.001894723	315	1.876584781	2.198362548	2.004053562
0.114583333	0.001883017	330	1.864990718	2.206955056	2.022097935
0.119791667	0.001863623	345	1.845782956	2.221182818	2.040552791
0.125	0.001838081	360	1.820485088	2.240499833	2.059433267
0.130208333	0.001807818	375	1.790511831	2.264382766	2.078755275
0.135416667	0.001774157	390	1.757172807	2.292330589	2.09853556
0.140625	0.001738317	405	1.721676262	2.323864218	2.11879175
0.145833333	0.00170142	420	1.685132738	2.358526154	2.139542418
0.151041667	0.001664493	435	1.648558686	2.395880126	2.16080715
0.15625	0.001628469	450	1.612880029	2.435510726	2.182606614
0.161458333	0.001594197	465	1.578935666	2.477023054	2.204962637
0.166666667	0.001562438	480	1.547480931	2.520042354	2.227898291
0.171875	0.001533875	495	1.519190988	2.564213656	2.251437981
0.177083333	0.001509111	510	1.494664181	2.609201417	2.275607549
0.182291667	0.001488676	525	1.474425322	2.654689159	2.300434382
0.1875	0.00147303	540	1.458928934	2.700379108	2.325947528
0.192708333	0.001462564	555	1.44856243	2.745991839	2.352177832
0.197916667	0.001457603	570	1.443649251	2.79126591	2.379158077
0.203125	0.001458413	585	1.444451934	2.835957507	2.40692314
0.208333333	0.001465202	600	1.451175142	2.87984008	2.435510168
0.213541667	0.001478119	615	1.463968633	2.922703986	2.464958769
0.21875	0.001497263	630	1.482930169	2.964356127	2.495311223
0.223958333	0.001522685	645	1.508108385	3.004619593	2.526612712
0.229166667	0.001554386	660	1.539505593	3.043333296	2.558911587
0.234375	0.001592324	675	1.577080536	3.080351619	2.592259646
0.239583333	0.001636417	690	1.620751089	3.115544047	2.626712462
0.244791667	0.001686542	705	1.670396907	3.148794812	2.662329733
0.25	0.001742543	720	1.725862011	3.180002533	2.699175684
0.255208333	0.001804229	735	1.786957335	3.209079854	2.737319513
0.260416667	0.001871378	750	1.853463205	3.235953085	2.776835887
0.265625	0.001943739	765	1.925131773	3.260561843	2.817805512
0.270833333	0.002021037	780	2.001689392	3.28285869	2.86031576
0.276041667	0.002102971	795	2.08283894	3.302808774	2.904461393
0.28125	0.002189219	810	2.168262091	3.320389471	2.95034537
0.286458333	0.002279443	825	2.257621528	3.335590021	2.998079781
0.291666667	0.002373283	840	2.350563107	3.348411171	3.04778689
0.296875	0.002470367	855	2.446717966	3.358864815	3.099600352
0.302083333	0.00257031	870	2.545704574	3.366973631	3.153666593
0.307291667	0.002672717	885	2.647130739	3.372770725	3.210146402
0.3125	0.002777182	900	2.750595546	3.376299269	3.269216778
0.317708333	0.002883293	915	2.855691257	3.377612141	3.331073068
0.322916667	0.002990635	930	2.962005147	3.376771564	3.395931452
0.328125	0.003098786	945	3.069121289	3.373848751	3.464031862
0.333333333	0.003207326	960	3.176622283	3.368923537	3.535641402
0.338541667	0.003315833	975	3.284090939	3.362084026	3.611058387
0.34375	0.003423889	990	3.391111895	3.353426227	3.690617141
0.348958333	0.003531076	1005	3.497273191	3.343053696	3.774693711
0.354166667	0.003636985	1020	3.602167781	3.331077176	3.863712732
0.359375	0.00374121	1035	3.705395	3.317614235	3.958155701
0.364583333	0.003843354	1050	3.806561966	3.302788908	4.058571042
0.369791667	0.003943032	1065	3.905284939	3.286731337	4.165586402
0.375	0.004039864	1080	4.001190624	3.26957741	4.279923817
0.380208333	0.004133487	1095	4.093917408	3.251468401	4.402418544
0.385416667	0.004223549	1110	4.183116565	3.232550612	4.53404267
0.390625	0.00430971	1125	4.268453387	3.212975009	4.675934959
0.395833333	0.00439165	1140	4.349608272	3.192896867	4.829439019
0.401041667	0.00446906	1155	4.426277755	3.172475407	4.996152602
0.40625	0.004541653	1170	4.498175487	3.151873435	5.17799211
0.411458333	0.004609157	1185	4.565033157	3.131256986	5.377278126
0.416666667	0.00467132	1200	4.626601363	3.110794959	5.596850517
0.421875	0.004727911	1215	4.682650429	3.090658762	5.840225931
0.427083333	0.004778718	1230	4.732971166	3.071021949	6.111817335
0.432291667	0.004823551	1245	4.77737558	3.05205986	6.417246497
0.4375	0.004862244	1260	4.815697529	3.033949261	6.763799449
0.442708333	0.00489465	1275	4.847793323	3.016867987	7.16110868
0.447916667	0.004920648	1290	4.87354227	3.000994579	7.622207691
0.453125	0.004940139	1305	4.892847169	2.986507922	8.16522257
0.458333333	0.00495305	1320	4.905634753	2.973586892	8.816207651
0.463541667	0.004959332	1335	4.91185607	2.962409989	9.614159619
0.46875	0.004958959	1350	4.911486817	2.953154981	10.62049005
0.473958333	0.004951932	1365	4.904527619	2.945998542	11.93849629
0.479166667	0.004938278	1380	4.891004251	2.941115894	13.75812215
0.484375	0.004918048	1395	4.870967809	2.938680444	16.47633676
0.489583333	0.004891319	1410	4.844494827	2.938863427	21.10894379
0.494791667	0.004858195	1425	4.811687339	2.941833547	31.47783019
0.5	0.004818803	1440	4.772672889	2.94775661	174.4836436
0.505208333	0.004773299	1455	4.727604485	2.956795174	44.991409
0.510416667	0.004721863	1470	4.676660498	2.96910818	25.02256074
0.515625	0.0046647	1485	4.620044516	2.984850599	18.43716614
0.520833333	0.00460204	1500	4.557985129	3.004173068	14.96502299
0.526041667	0.004534141	1515	4.490735675	3.027221529	12.76804206
0.53125	0.004461282	1530	4.418573923	3.054136875	11.23151901
0.536458333	0.004383768	1545	4.341801707	3.085054582	10.08614295
0.541666667	0.004301927	1560	4.260744501	3.120104356	9.193658192
0.546875	0.004216112	1575	4.175750947	3.159409768	8.475165804
0.552083333	0.004126697	1590	4.087192324	3.203087898	7.882077549
0.557291667	0.00403408	1605	3.995461964	3.251248973	7.38269685
0.5625	0.00393868	1620	3.900974615	3.303996005	6.955390476
0.567708333	0.003840935	1635	3.804165752	3.361424434	6.584845528
0.572916667	0.003741306	1650	3.70549083	3.42362177	6.259892445
0.578125	0.003640273	1665	3.605424488	3.490667227	5.972176087
0.583333333	0.003538332	1680	3.504459693	3.562631367	5.715311156
0.588541667	0.003436	1695	3.403106837	3.639575739	5.484326806
0.59375	0.003333807	1710	3.301892776	3.721552521	5.275290583
0.598958333	0.003232303	1725	3.201359814	3.808604157	5.08504723
0.604166667	0.003132048	1740	3.102064641	3.900762997	4.911033196
0.609375	0.003033618	1755	3.004577204	3.99805094	4.751142285
0.614583333	0.002937601	1770	2.909479536	4.100479073	4.603626635
0.619791667	0.002844596	1785	2.817364529	4.208047309	4.467022567
0.625	0.00275521	1800	2.728834646	4.320744029	4.340094283
0.630208333	0.002670061	1815	2.644500585	4.43854572	4.221790553
0.635416667	0.002589772	1830	2.564979892	4.561416619	4.111211005
0.640625	0.002514971	1845	2.490895515	4.689308348	4.007579616
0.645833333	0.002446293	1860	2.422874303	4.822159558	3.910223647
0.651041667	0.002384371	1875	2.361545456	4.959895568	3.818556762
0.65625	0.002329843	1890	2.30753892	5.102428001	3.732065387
0.661458333	0.002283342	1905	2.261483727	5.249654433	3.650297592
